  File: bin/clang-19
  Size: 1725521080	Blocks: 3370160    IO Block: 4096   regular file
Device: 0,41	Inode: 14197697    Links: 1
Access: (0755/-rwxr-xr-x)  Uid: ( 1000/    chet)   Gid: ( 1000/    chet)
Access: 2024-10-27 14:12:23.649589992 +0000
Modify: 2024-10-27 14:12:30.476570162 +0000
Change: 2024-10-27 14:12:30.476570162 +0000
 Birth: 2024-10-27 14:12:23.649589992 +0000
