  File: bin/clang-15
  Size: 1441041224	Blocks: 2814536    IO Block: 4096   regular file
Device: 0,39	Inode: 10985668    Links: 1
Access: (0755/-rwxr-xr-x)  Uid: ( 1000/    chet)   Gid: ( 1000/    chet)
Access: 2023-01-10 15:44:04.227944569 +0000
Modify: 2023-01-10 15:44:06.946957676 +0000
Change: 2023-01-10 15:44:06.946957676 +0000
 Birth: 2023-01-10 15:43:49.124871765 +0000
