  File: bin/clang-20
  Size: 1712613448	Blocks: 3344952    IO Block: 4096   regular file
Device: 0,48	Inode: 18377514    Links: 1
Access: (0755/-rwxr-xr-x)  Uid: ( 1000/    chet)   Gid: ( 1000/    chet)
Access: 2025-03-23 19:52:48.163929080 +0000
Modify: 2025-03-23 19:52:49.227927544 +0000
Change: 2025-03-23 19:52:49.317927414 +0000
 Birth: 2025-03-23 19:52:48.163929080 +0000
