  File: bin/clang-15
  Size: 1443919704	Blocks: 2820160    IO Block: 4096   regular file
Device: 0,38	Inode: 7592681     Links: 1
Access: (0755/-rwxr-xr-x)  Uid: ( 1000/    chet)   Gid: ( 1000/    chet)
Access: 2022-11-12 07:58:40.855183165 +0000
Modify: 2022-11-12 07:58:43.537194913 +0000
Change: 2022-11-12 07:58:43.537194913 +0000
 Birth: 2022-11-12 07:58:26.334119559 +0000
