  File: bin/clang-15
  Size: 1445856696	Blocks: 2823952    IO Block: 4096   regular file
Device: 253,3	Inode: 20846732    Links: 1
Access: (0755/-rwxr-xr-x)  Uid: ( 1000/    chet)   Gid: ( 1000/    chet)
Access: 2022-10-08 21:09:31.450109294 +0000
Modify: 2022-10-08 21:09:35.623113538 +0000
Change: 2022-10-08 21:09:35.623113538 +0000
 Birth: 2022-10-08 21:09:31.447109291 +0000
