  File: bin/clang-18
  Size: 1382265976	Blocks: 2699744    IO Block: 4096   regular file
Device: 0,40	Inode: 11692300    Links: 1
Access: (0755/-rwxr-xr-x)  Uid: ( 1000/    chet)   Gid: ( 1000/    chet)
Access: 2024-05-27 07:16:19.178461604 +0000
Modify: 2024-05-27 07:16:19.884460441 +0000
Change: 2024-05-27 07:16:19.962460313 +0000
 Birth: 2024-05-27 07:16:19.178461604 +0000
