  File: bin/clang-16
  Size: 1520746752	Blocks: 2970216    IO Block: 4096   regular file
Device: 0,41	Inode: 44202467    Links: 1
Access: (0755/-rwxr-xr-x)  Uid: ( 1000/    chet)   Gid: ( 1000/    chet)
Access: 2023-04-21 21:19:58.385633682 +0000
Modify: 2023-04-21 21:19:59.057635922 +0000
Change: 2023-04-21 21:19:59.482637339 +0000
 Birth: 2023-04-21 21:18:09.260269889 +0000
