  File: bin/clang-18
  Size: 1656364216	Blocks: 3235088    IO Block: 4096   regular file
Device: 0,38	Inode: 7154628     Links: 1
Access: (0755/-rwxr-xr-x)  Uid: ( 1000/    chet)   Gid: ( 1000/    chet)
Access: 2024-03-10 13:46:21.679299794 +0000
Modify: 2024-03-10 13:46:26.075277009 +0000
Change: 2024-03-10 13:46:26.075277009 +0000
 Birth: 2024-03-10 13:46:21.679299794 +0000
