  File: bin/clang-19
  Size: 1713628096	Blocks: 3346936    IO Block: 4096   regular file
Device: 0,49	Inode: 17686829    Links: 1
Access: (0755/-rwxr-xr-x)  Uid: ( 1000/    chet)   Gid: ( 1000/    chet)
Access: 2025-01-24 14:17:10.202884425 +0000
Modify: 2025-01-24 14:17:17.148925313 +0000
Change: 2025-01-24 14:17:17.148925313 +0000
 Birth: 2025-01-24 14:17:10.202884425 +0000
