  File: bin/clang-15
  Size: 1446009184	Blocks: 2824240    IO Block: 4096   regular file
Device: 0,39	Inode: 11162526    Links: 1
Access: (0755/-rwxr-xr-x)  Uid: ( 1000/    chet)   Gid: ( 1000/    chet)
Access: 2023-01-15 14:40:40.337811494 +0000
Modify: 2023-01-15 14:40:41.088814843 +0000
Change: 2023-01-15 14:40:41.482816600 +0000
 Birth: 2023-01-15 14:38:53.128333465 +0000
