  File: bin/clang-15
  Size: 1442973000	Blocks: 2818312    IO Block: 4096   regular file
Device: 0,39	Inode: 10985689    Links: 1
Access: (0755/-rwxr-xr-x)  Uid: ( 1000/    chet)   Gid: ( 1000/    chet)
Access: 2023-01-10 15:47:34.329957380 +0000
Modify: 2023-01-10 15:47:38.594977940 +0000
Change: 2023-01-10 15:47:38.594977940 +0000
 Birth: 2023-01-10 15:47:34.329957380 +0000
