  File: bin/clang-18
  Size: 1659646704	Blocks: 3241504    IO Block: 4096   regular file
Device: 0,38	Inode: 7649974     Links: 1
Access: (0755/-rwxr-xr-x)  Uid: ( 1000/    chet)   Gid: ( 1000/    chet)
Access: 2024-03-28 11:16:52.191240688 +0000
Modify: 2024-03-28 11:16:52.899238863 +0000
Change: 2024-03-28 11:16:52.961238703 +0000
 Birth: 2024-03-28 11:15:11.509481310 +0000
