  File: bin/clang-15
  Size: 1441041416	Blocks: 2814536    IO Block: 4096   regular file
Device: 0,39	Inode: 12269167    Links: 1
Access: (0755/-rwxr-xr-x)  Uid: ( 1000/    chet)   Gid: ( 1000/    chet)
Access: 2023-01-31 20:26:39.258255129 +0000
Modify: 2023-01-31 20:26:41.868267793 +0000
Change: 2023-01-31 20:26:41.868267793 +0000
 Birth: 2023-01-31 20:26:24.345182770 +0000
