  File: bin/clang-16
  Size: 1517262920	Blocks: 2963408    IO Block: 4096   regular file
Device: 0,41	Inode: 61422437    Links: 1
Access: (0755/-rwxr-xr-x)  Uid: ( 1000/    chet)   Gid: ( 1000/    chet)
Access: 2023-09-04 10:08:38.422658063 +0000
Modify: 2023-09-04 10:08:39.171659797 +0000
Change: 2023-09-04 10:08:39.248659975 +0000
 Birth: 2023-09-04 10:08:38.422658063 +0000
