  File: bin/clang-15
  Size: 1441041416	Blocks: 2814536    IO Block: 4096   regular file
Device: 0,39	Inode: 11162472    Links: 1
Access: (0755/-rwxr-xr-x)  Uid: ( 1000/    chet)   Gid: ( 1000/    chet)
Access: 2023-01-15 14:33:28.268924641 +0000
Modify: 2023-01-15 14:33:31.055936342 +0000
Change: 2023-01-15 14:33:31.056936347 +0000
 Birth: 2023-01-15 14:33:13.223861471 +0000
