  File: bin/clang-18
  Size: 1379989832	Blocks: 2695296    IO Block: 4096   regular file
Device: 0,40	Inode: 11692253    Links: 1
Access: (0755/-rwxr-xr-x)  Uid: ( 1000/    chet)   Gid: ( 1000/    chet)
Access: 2024-05-27 07:10:50.538002667 +0000
Modify: 2024-05-27 07:10:52.345999690 +0000
Change: 2024-05-27 07:10:52.345999690 +0000
 Birth: 2024-05-27 07:10:40.743018793 +0000
