  File: bin/clang-20
  Size: 1765831768	Blocks: 3448896    IO Block: 4096   regular file
Device: 0,48	Inode: 18377514    Links: 1
Access: (0755/-rwxr-xr-x)  Uid: ( 1000/    chet)   Gid: ( 1000/    chet)
Access: 2025-03-23 19:54:44.737725392 +0000
Modify: 2025-03-23 19:54:45.539722440 +0000
Change: 2025-03-23 19:54:45.612722171 +0000
 Birth: 2025-03-23 19:52:48.163929080 +0000
