  File: bin/clang-16
  Size: 1517418288	Blocks: 2963712    IO Block: 4096   regular file
Device: 0,41	Inode: 61422410    Links: 1
Access: (0755/-rwxr-xr-x)  Uid: ( 1000/    chet)   Gid: ( 1000/    chet)
Access: 2023-09-04 10:06:45.312396248 +0000
Modify: 2023-09-04 10:06:49.921406916 +0000
Change: 2023-09-04 10:06:49.921406916 +0000
 Birth: 2023-09-04 10:06:45.311396246 +0000
