  File: bin/clang-15
  Size: 1443918640	Blocks: 2820160    IO Block: 4096   regular file
Device: 253,2	Inode: 14039910    Links: 1
Access: (0755/-rwxr-xr-x)  Uid: ( 1000/    chet)   Gid: ( 1000/    chet)
Access: 2022-11-01 10:55:25.439587675 +0000
Modify: 2022-11-01 10:55:28.052589546 +0000
Change: 2022-11-01 10:55:28.052589546 +0000
 Birth: 2022-11-01 10:55:11.178577464 +0000
