  File: bin/clang-18
  Size: 1607315584	Blocks: 3139296    IO Block: 4096   regular file
Device: 0,41	Inode: 12968334    Links: 1
Access: (0755/-rwxr-xr-x)  Uid: ( 1000/    chet)   Gid: ( 1000/    chet)
Access: 2024-07-13 15:09:42.109718846 +0000
Modify: 2024-07-13 15:09:48.456753647 +0000
Change: 2024-07-13 15:09:48.456753647 +0000
 Birth: 2024-07-13 15:09:42.109718846 +0000
