  File: bin/clang-15
  Size: 1443293648	Blocks: 2818936    IO Block: 4096   regular file
Device: 0,39	Inode: 10985716    Links: 1
Access: (0755/-rwxr-xr-x)  Uid: ( 1000/    chet)   Gid: ( 1000/    chet)
Access: 2023-01-10 15:49:28.153506073 +0000
Modify: 2023-01-10 15:49:28.956509944 +0000
Change: 2023-01-10 15:49:29.035510325 +0000
 Birth: 2023-01-10 15:49:28.153506073 +0000
