  File: bin/clang-19
  Size: 1769848824	Blocks: 3456736    IO Block: 4096   regular file
Device: 0,49	Inode: 17686874    Links: 1
Access: (0755/-rwxr-xr-x)  Uid: ( 1000/    chet)   Gid: ( 1000/    chet)
Access: 2025-01-24 14:21:41.142479339 +0000
Modify: 2025-01-24 14:21:41.926483954 +0000
Change: 2025-01-24 14:21:42.005484419 +0000
 Birth: 2025-01-24 14:21:41.142479339 +0000
