  File: bin/clang-18
  Size: 1379968184	Blocks: 2695256    IO Block: 4096   regular file
Device: 0,41	Inode: 12689651    Links: 1
Access: (0755/-rwxr-xr-x)  Uid: ( 1000/    chet)   Gid: ( 1000/    chet)
Access: 2024-07-09 14:30:09.959187687 +0000
Modify: 2024-07-09 14:30:12.028194096 +0000
Change: 2024-07-09 14:30:12.028194096 +0000
 Birth: 2024-07-09 14:30:00.200157457 +0000
