  File: bin/clang-15
  Size: 1448798264	Blocks: 2829696    IO Block: 4096   regular file
Device: 253,2	Inode: 14057064    Links: 1
Access: (0755/-rwxr-xr-x)  Uid: ( 1000/    chet)   Gid: ( 1000/    chet)
Access: 2022-11-01 11:02:30.694892178 +0000
Modify: 2022-11-01 11:02:31.100892469 +0000
Change: 2022-11-01 11:02:31.502892757 +0000
 Birth: 2022-11-01 11:00:46.577817623 +0000
