  File: bin/clang-18
  Size: 1655909896	Blocks: 3234200    IO Block: 4096   regular file
Device: 0,38	Inode: 7649974     Links: 1
Access: (0755/-rwxr-xr-x)  Uid: ( 1000/    chet)   Gid: ( 1000/    chet)
Access: 2024-03-28 11:15:11.509481310 +0000
Modify: 2024-03-28 11:15:12.326479342 +0000
Change: 2024-03-28 11:15:12.413479132 +0000
 Birth: 2024-03-28 11:15:11.509481310 +0000
