  File: bin/clang-18
  Size: 1657716408	Blocks: 3237728    IO Block: 4096   regular file
Device: 0,41	Inode: 12968363    Links: 1
Access: (0755/-rwxr-xr-x)  Uid: ( 1000/    chet)   Gid: ( 1000/    chet)
Access: 2024-07-13 15:13:54.528073403 +0000
Modify: 2024-07-13 15:13:55.326077647 +0000
Change: 2024-07-13 15:13:55.392077998 +0000
 Birth: 2024-07-13 15:12:05.891502529 +0000
