  File: bin/clang-15
  Size: 1446009568	Blocks: 2824240    IO Block: 4096   regular file
Device: 0,39	Inode: 12269215    Links: 1
Access: (0755/-rwxr-xr-x)  Uid: ( 1000/    chet)   Gid: ( 1000/    chet)
Access: 2023-01-31 20:33:47.916335001 +0000
Modify: 2023-01-31 20:33:48.622338427 +0000
Change: 2023-01-31 20:33:49.014340329 +0000
 Birth: 2023-01-31 20:32:00.971816097 +0000
