  File: bin/clang-15
  Size: 1446009184	Blocks: 2824240    IO Block: 4096   regular file
Device: 0,39	Inode: 10985716    Links: 1
Access: (0755/-rwxr-xr-x)  Uid: ( 1000/    chet)   Gid: ( 1000/    chet)
Access: 2023-01-10 15:51:15.668024353 +0000
Modify: 2023-01-10 15:51:16.431028031 +0000
Change: 2023-01-10 15:51:16.823029921 +0000
 Birth: 2023-01-10 15:49:28.153506073 +0000
