  File: bin/clang-19
  Size: 1781742800	Blocks: 3479968    IO Block: 4096   regular file
Device: 0,41	Inode: 14197724    Links: 1
Access: (0755/-rwxr-xr-x)  Uid: ( 1000/    chet)   Gid: ( 1000/    chet)
Access: 2024-10-27 14:16:47.819795555 +0000
Modify: 2024-10-27 14:16:48.468793446 +0000
Change: 2024-10-27 14:16:48.580793081 +0000
 Birth: 2024-10-27 14:14:50.380157380 +0000
