  File: bin/clang-18
  Size: 1382247104	Blocks: 2699704    IO Block: 4096   regular file
Device: 0,41	Inode: 12689698    Links: 1
Access: (0755/-rwxr-xr-x)  Uid: ( 1000/    chet)   Gid: ( 1000/    chet)
Access: 2024-07-09 14:35:39.199759794 +0000
Modify: 2024-07-09 14:35:39.906763080 +0000
Change: 2024-07-09 14:35:39.990763470 +0000
 Birth: 2024-07-09 14:35:39.199759794 +0000
