  File: bin/clang-18
  Size: 1656337664	Blocks: 3235040    IO Block: 4096   regular file
Device: 0,38	Inode: 7649942     Links: 1
Access: (0755/-rwxr-xr-x)  Uid: ( 1000/    chet)   Gid: ( 1000/    chet)
Access: 2024-03-28 11:13:18.435726536 +0000
Modify: 2024-03-28 11:13:22.758717109 +0000
Change: 2024-03-28 11:13:22.758717109 +0000
 Birth: 2024-03-28 11:13:18.435726536 +0000
