  File: bin/clang-15
  Size: 1442973192	Blocks: 2818312    IO Block: 4096   regular file
Device: 0,39	Inode: 12269188    Links: 1
Access: (0755/-rwxr-xr-x)  Uid: ( 1000/    chet)   Gid: ( 1000/    chet)
Access: 2023-01-31 20:30:07.709266546 +0000
Modify: 2023-01-31 20:30:11.965287196 +0000
Change: 2023-01-31 20:30:11.965287196 +0000
 Birth: 2023-01-31 20:30:07.709266546 +0000
