  File: bin/clang-15
  Size: 1446177536	Blocks: 2824568    IO Block: 4096   regular file
Device: 0,38	Inode: 7592730     Links: 1
Access: (0755/-rwxr-xr-x)  Uid: ( 1000/    chet)   Gid: ( 1000/    chet)
Access: 2022-11-12 08:04:03.731592562 +0000
Modify: 2022-11-12 08:04:04.551596067 +0000
Change: 2022-11-12 08:04:04.638596439 +0000
 Birth: 2022-11-12 08:04:03.731592562 +0000
