  File: bin/clang-18
  Size: 1382677976	Blocks: 2700544    IO Block: 4096   regular file
Device: 0,41	Inode: 12689671    Links: 1
Access: (0755/-rwxr-xr-x)  Uid: ( 1000/    chet)   Gid: ( 1000/    chet)
Access: 2024-07-09 14:33:47.664172018 +0000
Modify: 2024-07-09 14:33:50.986192117 +0000
Change: 2024-07-09 14:33:50.986192117 +0000
 Birth: 2024-07-09 14:33:47.664172018 +0000
