  File: bin/clang-16
  Size: 1517274608	Blocks: 2963432    IO Block: 4096   regular file
Device: 0,41	Inode: 44202467    Links: 1
Access: (0755/-rwxr-xr-x)  Uid: ( 1000/    chet)   Gid: ( 1000/    chet)
Access: 2023-04-21 21:18:09.260269889 +0000
Modify: 2023-04-21 21:18:10.026272442 +0000
Change: 2023-04-21 21:18:10.104272703 +0000
 Birth: 2023-04-21 21:18:09.260269889 +0000
