  File: bin/clang-15
  Size: 1443293664	Blocks: 2818936    IO Block: 4096   regular file
Device: 0,39	Inode: 11162526    Links: 1
Access: (0755/-rwxr-xr-x)  Uid: ( 1000/    chet)   Gid: ( 1000/    chet)
Access: 2023-01-15 14:38:53.128333465 +0000
Modify: 2023-01-15 14:38:53.927337028 +0000
Change: 2023-01-15 14:38:54.001337358 +0000
 Birth: 2023-01-15 14:38:53.128333465 +0000
