  File: bin/clang-15
  Size: 1445857536	Blocks: 2823944    IO Block: 4096   regular file
Device: 0,38	Inode: 7592703     Links: 1
Access: (0755/-rwxr-xr-x)  Uid: ( 1000/    chet)   Gid: ( 1000/    chet)
Access: 2022-11-12 08:02:09.798098394 +0000
Modify: 2022-11-12 08:02:13.949116577 +0000
Change: 2022-11-12 08:02:13.949116577 +0000
 Birth: 2022-11-12 08:02:09.798098394 +0000
