  File: bin/clang-18
  Size: 1386011760	Blocks: 2707056    IO Block: 4096   regular file
Device: 0,40	Inode: 11692300    Links: 1
Access: (0755/-rwxr-xr-x)  Uid: ( 1000/    chet)   Gid: ( 1000/    chet)
Access: 2024-05-27 07:17:59.741296040 +0000
Modify: 2024-05-27 07:18:00.482294821 +0000
Change: 2024-05-27 07:18:00.532294738 +0000
 Birth: 2024-05-27 07:16:19.178461604 +0000
