  File: bin/clang-16
  Size: 1517433536	Blocks: 2963744    IO Block: 4096   regular file
Device: 0,41	Inode: 44202440    Links: 1
Access: (0755/-rwxr-xr-x)  Uid: ( 1000/    chet)   Gid: ( 1000/    chet)
Access: 2023-04-21 21:16:15.611891012 +0000
Modify: 2023-04-21 21:16:20.321906714 +0000
Change: 2023-04-21 21:16:20.321906714 +0000
 Birth: 2023-04-21 21:16:15.611891012 +0000
