  File: bin/clang-15
  Size: 1445856472	Blocks: 2823952    IO Block: 4096   regular file
Device: 253,2	Inode: 14039910    Links: 1
Access: (0755/-rwxr-xr-x)  Uid: ( 1000/    chet)   Gid: ( 1000/    chet)
Access: 2022-11-01 10:58:54.494737367 +0000
Modify: 2022-11-01 10:58:58.594740303 +0000
Change: 2022-11-01 10:58:58.594740303 +0000
 Birth: 2022-11-01 10:58:54.491737365 +0000
