  File: bin/clang-15
  Size: 1443293664	Blocks: 2818936    IO Block: 4096   regular file
Device: 0,39	Inode: 12269215    Links: 1
Access: (0755/-rwxr-xr-x)  Uid: ( 1000/    chet)   Gid: ( 1000/    chet)
Access: 2023-01-31 20:32:00.971816097 +0000
Modify: 2023-01-31 20:32:01.775819998 +0000
Change: 2023-01-31 20:32:01.849820357 +0000
 Birth: 2023-01-31 20:32:00.971816097 +0000
