  File: bin/clang-18
  Size: 1385993816	Blocks: 2707024    IO Block: 4096   regular file
Device: 0,41	Inode: 12689698    Links: 1
Access: (0755/-rwxr-xr-x)  Uid: ( 1000/    chet)   Gid: ( 1000/    chet)
Access: 2024-07-09 14:37:18.624184124 +0000
Modify: 2024-07-09 14:37:19.185185813 +0000
Change: 2024-07-09 14:37:19.234185961 +0000
 Birth: 2024-07-09 14:35:39.199759794 +0000
