  File: bin/clang-15
  Size: 1448769338	Blocks: 2829640    IO Block: 4096   regular file
Device: 253,3	Inode: 20847402    Links: 1
Access: (0755/-rwxr-xr-x)  Uid: ( 1000/    chet)   Gid: ( 1000/    chet)
Access: 2022-10-08 21:13:09.029330567 +0000
Modify: 2022-10-08 21:13:09.438330983 +0000
Change: 2022-10-08 21:13:09.864331416 +0000
 Birth: 2022-10-08 21:11:23.902223658 +0000
