  File: bin/clang-18
  Size: 1655934952	Blocks: 3234248    IO Block: 4096   regular file
Device: 0,38	Inode: 7154655     Links: 1
Access: (0755/-rwxr-xr-x)  Uid: ( 1000/    chet)   Gid: ( 1000/    chet)
Access: 2024-03-10 13:48:17.506697204 +0000
Modify: 2024-03-10 13:48:18.305692997 +0000
Change: 2024-03-10 13:48:18.394692529 +0000
 Birth: 2024-03-10 13:48:17.506697204 +0000
