  File: bin/clang-18
  Size: 1604490576	Blocks: 3133776    IO Block: 4096   regular file
Device: 0,41	Inode: 12968306    Links: 1
Access: (0755/-rwxr-xr-x)  Uid: ( 1000/    chet)   Gid: ( 1000/    chet)
Access: 2024-07-13 15:03:10.949457705 +0000
Modify: 2024-07-13 15:03:13.154470971 +0000
Change: 2024-07-13 15:03:13.154470971 +0000
 Birth: 2024-07-13 15:02:36.375202535 +0000
