  File: bin/clang-16
  Size: 1515186312	Blocks: 2959352    IO Block: 4096   regular file
Device: 0,41	Inode: 44202419    Links: 1
Access: (0755/-rwxr-xr-x)  Uid: ( 1000/    chet)   Gid: ( 1000/    chet)
Access: 2023-04-21 21:12:35.765158101 +0000
Modify: 2023-04-21 21:12:38.927168642 +0000
Change: 2023-04-21 21:12:38.927168642 +0000
 Birth: 2023-04-21 21:12:19.949105374 +0000
