  File: bin/clang-19
  Size: 1714323024	Blocks: 3348288    IO Block: 4096   regular file
Device: 0,49	Inode: 17686858    Links: 1
Access: (0755/-rwxr-xr-x)  Uid: ( 1000/    chet)   Gid: ( 1000/    chet)
Access: 2025-01-24 14:19:36.222743985 +0000
Modify: 2025-01-24 14:19:36.995748535 +0000
Change: 2025-01-24 14:19:37.129749324 +0000
 Birth: 2025-01-24 14:19:36.222743985 +0000
