  File: bin/clang-18
  Size: 1607789096	Blocks: 3140216    IO Block: 4096   regular file
Device: 0,41	Inode: 12968363    Links: 1
Access: (0755/-rwxr-xr-x)  Uid: ( 1000/    chet)   Gid: ( 1000/    chet)
Access: 2024-07-13 15:12:05.891502529 +0000
Modify: 2024-07-13 15:12:06.815507314 +0000
Change: 2024-07-13 15:12:06.906507785 +0000
 Birth: 2024-07-13 15:12:05.891502529 +0000
