  File: bin/clang-20
  Size: 1712137560	Blocks: 3344024    IO Block: 4096   regular file
Device: 0,48	Inode: 18377487    Links: 1
Access: (0755/-rwxr-xr-x)  Uid: ( 1000/    chet)   Gid: ( 1000/    chet)
Access: 2025-03-23 19:50:21.182410533 +0000
Modify: 2025-03-23 19:50:28.066131240 +0000
Change: 2025-03-23 19:50:28.066131240 +0000
 Birth: 2025-03-23 19:50:21.181141176 +0000
