  File: bin/clang-18
  Size: 1653853008	Blocks: 3230184    IO Block: 4096   regular file
Device: 0,38	Inode: 7649916     Links: 1
Access: (0755/-rwxr-xr-x)  Uid: ( 1000/    chet)   Gid: ( 1000/    chet)
Access: 2024-03-28 11:09:27.472095856 +0000
Modify: 2024-03-28 11:09:29.671112007 +0000
Change: 2024-03-28 11:09:29.671112007 +0000
 Birth: 2024-03-28 11:09:10.377970308 +0000
