  File: bin/clang-18
  Size: 1382695528	Blocks: 2700584    IO Block: 4096   regular file
Device: 0,40	Inode: 11692273    Links: 1
Access: (0755/-rwxr-xr-x)  Uid: ( 1000/    chet)   Gid: ( 1000/    chet)
Access: 2024-05-27 07:14:27.088646143 +0000
Modify: 2024-05-27 07:14:30.244640947 +0000
Change: 2024-05-27 07:14:30.244640947 +0000
 Birth: 2024-05-27 07:14:27.088646143 +0000
