  File: bin/clang-19
  Size: 1722609808	Blocks: 3364480    IO Block: 4096   regular file
Device: 0,41	Inode: 14197667    Links: 1
Access: (0755/-rwxr-xr-x)  Uid: ( 1000/    chet)   Gid: ( 1000/    chet)
Access: 2024-10-27 14:05:27.372424285 +0000
Modify: 2024-10-27 14:05:29.694418517 +0000
Change: 2024-10-27 14:05:29.694418517 +0000
 Birth: 2024-10-27 14:04:50.805535628 +0000
