  File: bin/clang-18
  Size: 1659671568	Blocks: 3241552    IO Block: 4096   regular file
Device: 0,38	Inode: 7154655     Links: 1
Access: (0755/-rwxr-xr-x)  Uid: ( 1000/    chet)   Gid: ( 1000/    chet)
Access: 2024-03-10 13:50:01.122131215 +0000
Modify: 2024-03-10 13:50:01.964126465 +0000
Change: 2024-03-10 13:50:02.077125827 +0000
 Birth: 2024-03-10 13:48:17.506697204 +0000
