  File: libxul.so
  Size: 2052895800	Blocks: 4009568    IO Block: 4096   regular file
Device: 0,41	Inode: 44202522    Links: 1
Access: (0755/-rwxr-xr-x)  Uid: ( 1000/    chet)   Gid: ( 1000/    chet)
Access: 2023-04-21 21:28:35.076210582 +0000
Modify: 2023-04-21 21:28:39.221223067 +0000
Change: 2023-04-21 21:28:39.221223067 +0000
 Birth: 2023-04-21 21:28:05.776122332 +0000
