  File: libxul.so
  Size: 2394586192	Blocks: 4676928    IO Block: 4096   regular file
Device: 0,38	Inode: 7650109     Links: 1
Access: (0755/-rwxr-xr-x)  Uid: ( 1000/    chet)   Gid: ( 1000/    chet)
Access: 2024-03-28 11:32:46.621757386 +0000
Modify: 2024-03-28 11:32:47.799754154 +0000
Change: 2024-03-28 11:32:47.800754152 +0000
 Birth: 2024-03-28 11:32:46.621757386 +0000
