  File: libxul.so
  Size: 1963792928	Blocks: 3835536    IO Block: 4096   regular file
Device: 0,39	Inode: 11162598    Links: 1
Access: (0755/-rwxr-xr-x)  Uid: ( 1000/    chet)   Gid: ( 1000/    chet)
Access: 2023-01-15 14:54:05.453401379 +0000
Modify: 2023-01-15 14:54:11.102426567 +0000
Change: 2023-01-15 14:54:11.102426567 +0000
 Birth: 2023-01-15 14:54:05.453401379 +0000
