  File: ../../../dist/bin/libxul.so
  Size: 2449124104	Blocks: 4783448    IO Block: 4096   regular file
Device: 0,41	Inode: 12773497    Links: 1
Access: (0755/-rwxr-xr-x)  Uid: ( 1000/    chet)   Gid: ( 1000/    chet)
Access: 2024-07-09 15:28:58.369369245 +0000
Modify: 2024-07-09 15:29:01.809388120 +0000
Change: 2024-07-09 15:29:01.809388120 +0000
 Birth: 2024-07-09 15:28:36.071247272 +0000
