  File: ../../../dist/bin/libxul.so
  Size: 2538735576	Blocks: 4958360    IO Block: 4096   regular file
Device: 0,41	Inode: 14199174    Links: 1
Access: (0755/-rwxr-xr-x)  Uid: ( 1000/    chet)   Gid: ( 1000/    chet)
Access: 2024-10-27 15:47:39.556131418 +0000
Modify: 2024-10-27 15:47:40.880128289 +0000
Change: 2024-10-27 15:47:41.045127899 +0000
 Birth: 2024-10-27 15:47:39.556131418 +0000
