  File: libxul.so
  Size: 2011174280	Blocks: 3928080    IO Block: 4096   regular file
Device: 0,39	Inode: 12269334    Links: 1
Access: (0755/-rwxr-xr-x)  Uid: ( 1000/    chet)   Gid: ( 1000/    chet)
Access: 2023-01-31 20:51:01.282348945 +0000
Modify: 2023-01-31 20:51:02.247353627 +0000
Change: 2023-01-31 20:51:02.832356465 +0000
 Birth: 2023-01-31 20:51:01.282348945 +0000
