  File: ../../../dist/bin/libxul.so
  Size: 2479571128	Blocks: 4842920    IO Block: 4096   regular file
Device: 0,41	Inode: 12773564    Links: 1
Access: (0755/-rwxr-xr-x)  Uid: ( 1000/    chet)   Gid: ( 1000/    chet)
Access: 2024-07-09 15:38:17.080559875 +0000
Modify: 2024-07-09 15:38:18.123565394 +0000
Change: 2024-07-09 15:38:18.214565876 +0000
 Birth: 2024-07-09 15:38:17.080559875 +0000
