  File: libxul.so
  Size: 2090375440	Blocks: 4082672    IO Block: 4096   regular file
Device: 0,41	Inode: 61422537    Links: 1
Access: (0755/-rwxr-xr-x)  Uid: ( 1000/    chet)   Gid: ( 1000/    chet)
Access: 2023-09-04 10:26:06.309083589 +0000
Modify: 2023-09-04 10:26:07.480086299 +0000
Change: 2023-09-04 10:26:07.605086588 +0000
 Birth: 2023-09-04 10:26:06.309083589 +0000
