  File: ../../../dist/bin/libxul.so
  Size: 2689076896	Blocks: 5251968    IO Block: 4096   regular file
Device: 0,49	Inode: 17686955    Links: 1
Access: (0755/-rwxr-xr-x)  Uid: ( 1000/    chet)   Gid: ( 1000/    chet)
Access: 2025-01-24 14:35:54.222501095 +0000
Modify: 2025-01-24 14:35:55.791510332 +0000
Change: 2025-01-24 14:35:55.889510908 +0000
 Birth: 2025-01-24 14:35:54.222501095 +0000
