  File: ../../../dist/bin/libxul.so
  Size: 2711863080	Blocks: 5296608    IO Block: 4096   regular file
Device: 0,49	Inode: 17686971    Links: 1
Access: (0755/-rwxr-xr-x)  Uid: ( 1000/    chet)   Gid: ( 1000/    chet)
Access: 2025-01-24 14:37:46.258160615 +0000
Modify: 2025-01-24 14:37:47.402167349 +0000
Change: 2025-01-24 14:37:47.503167944 +0000
 Birth: 2025-01-24 14:37:46.257160609 +0000
