  File: libxul.so
  Size: 1945336184	Blocks: 3799488    IO Block: 4096   regular file
Device: 0,38	Inode: 7592776     Links: 1
Access: (0755/-rwxr-xr-x)  Uid: ( 1000/    chet)   Gid: ( 1000/    chet)
Access: 2022-11-12 08:13:40.615058839 +0000
Modify: 2022-11-12 08:13:44.172074046 +0000
Change: 2022-11-12 08:13:44.172074046 +0000
 Birth: 2022-11-12 08:13:13.377942396 +0000
