  File: libxul.so
  Size: 2111276568	Blocks: 4123592    IO Block: 4096   regular file
Device: 0,41	Inode: 61422553    Links: 1
Access: (0755/-rwxr-xr-x)  Uid: ( 1000/    chet)   Gid: ( 1000/    chet)
Access: 2023-09-04 10:28:06.449361670 +0000
Modify: 2023-09-04 10:28:07.445363976 +0000
Change: 2023-09-04 10:28:08.072365427 +0000
 Birth: 2023-09-04 10:28:06.449361670 +0000
