  File: libxul.so
  Size: 2447731000	Blocks: 4780624    IO Block: 4096   regular file
Device: 0,40	Inode: 11692396    Links: 1
Access: (0755/-rwxr-xr-x)  Uid: ( 1000/    chet)   Gid: ( 1000/    chet)
Access: 2024-05-27 07:31:27.099966794 +0000
Modify: 2024-05-27 07:31:28.506964477 +0000
Change: 2024-05-27 07:31:28.652964237 +0000
 Birth: 2024-05-27 07:31:27.099966794 +0000
