  File: libxul.so
  Size: 2082046056	Blocks: 4066504    IO Block: 4096   regular file
Device: 0,41	Inode: 44202587    Links: 1
Access: (0755/-rwxr-xr-x)  Uid: ( 1000/    chet)   Gid: ( 1000/    chet)
Access: 2023-04-21 21:37:47.331873930 +0000
Modify: 2023-04-21 21:37:48.624877825 +0000
Change: 2023-04-21 21:37:49.591880737 +0000
 Birth: 2023-04-21 21:37:47.331873930 +0000
