  File: libxul.so
  Size: 2061834432	Blocks: 4027024    IO Block: 4096   regular file
Device: 0,41	Inode: 44202544    Links: 1
Access: (0755/-rwxr-xr-x)  Uid: ( 1000/    chet)   Gid: ( 1000/    chet)
Access: 2023-04-21 21:33:36.906119669 +0000
Modify: 2023-04-21 21:33:46.408148289 +0000
Change: 2023-04-21 21:33:46.408148289 +0000
 Birth: 2023-04-21 21:33:36.906119669 +0000
