  File: libxul.so
  Size: 2373619704	Blocks: 4635864    IO Block: 4096   regular file
Device: 0,38	Inode: 7650092     Links: 1
Access: (0755/-rwxr-xr-x)  Uid: ( 1000/    chet)   Gid: ( 1000/    chet)
Access: 2024-03-28 11:31:00.126958537 +0000
Modify: 2024-03-28 11:31:01.380956145 +0000
Change: 2024-03-28 11:31:01.559955804 +0000
 Birth: 2024-03-28 11:31:00.126958537 +0000
