  File: libxul.so
  Size: 2376464696	Blocks: 4641536    IO Block: 4096   regular file
Device: 0,38	Inode: 7172674     Links: 1
Access: (0755/-rwxr-xr-x)  Uid: ( 1000/    chet)   Gid: ( 1000/    chet)
Access: 2024-03-10 15:17:49.043283062 +0000
Modify: 2024-03-10 15:17:50.501275429 +0000
Change: 2024-03-10 15:17:50.501275429 +0000
 Birth: 2024-03-10 15:17:49.043283062 +0000
