  File: libxul.so
  Size: 1931019320	Blocks: 3771536    IO Block: 4096   regular file
Device: 253,3	Inode: 16521799    Links: 1
Access: (0755/-rwxr-xr-x)  Uid: ( 1000/    chet)   Gid: ( 1000/    chet)
Access: 2022-10-08 21:25:40.448094713 +0000
Modify: 2022-10-08 21:25:45.824100180 +0000
Change: 2022-10-08 21:25:45.824100180 +0000
 Birth: 2022-10-08 21:25:40.447094712 +0000
