  File: libxul.so
  Size: 1963792976	Blocks: 3835536    IO Block: 4096   regular file
Device: 0,39	Inode: 10985792    Links: 1
Access: (0755/-rwxr-xr-x)  Uid: ( 1000/    chet)   Gid: ( 1000/    chet)
Access: 2023-01-10 16:04:39.800900727 +0000
Modify: 2023-01-10 16:04:45.241926956 +0000
Change: 2023-01-10 16:04:45.241926956 +0000
 Birth: 2023-01-10 16:04:39.800900727 +0000
