  File: libxul.so
  Size: 1963461776	Blocks: 3834704    IO Block: 4096   regular file
Device: 0,39	Inode: 10985819    Links: 1
Access: (0755/-rwxr-xr-x)  Uid: ( 1000/    chet)   Gid: ( 1000/    chet)
Access: 2023-01-10 16:06:50.313529873 +0000
Modify: 2023-01-10 16:06:51.470535450 +0000
Change: 2023-01-10 16:06:51.607536111 +0000
 Birth: 2023-01-10 16:06:50.313529873 +0000
