  File: libxul.so
  Size: 2061019112	Blocks: 4025208    IO Block: 4096   regular file
Device: 0,41	Inode: 44202571    Links: 1
Access: (0755/-rwxr-xr-x)  Uid: ( 1000/    chet)   Gid: ( 1000/    chet)
Access: 2023-04-21 21:35:46.313509433 +0000
Modify: 2023-04-21 21:35:47.518513062 +0000
Change: 2023-04-21 21:35:47.643513439 +0000
 Birth: 2023-04-21 21:35:46.313509433 +0000
