  File: libxul.so
  Size: 2356134592	Blocks: 4601832    IO Block: 4096   regular file
Device: 0,38	Inode: 7172597     Links: 1
Access: (0755/-rwxr-xr-x)  Uid: ( 1000/    chet)   Gid: ( 1000/    chet)
Access: 2024-03-10 15:13:45.901786280 +0000
Modify: 2024-03-10 15:13:54.070743178 +0000
Change: 2024-03-10 15:13:54.070743178 +0000
 Birth: 2024-03-10 15:13:45.900786285 +0000
