  File: libxul.so
  Size: 1953649800	Blocks: 3815544    IO Block: 4096   regular file
Device: 0,38	Inode: 7592825     Links: 1
Access: (0755/-rwxr-xr-x)  Uid: ( 1000/    chet)   Gid: ( 1000/    chet)
Access: 2022-11-12 08:20:43.074864922 +0000
Modify: 2022-11-12 08:20:44.297870150 +0000
Change: 2022-11-12 08:20:44.799872296 +0000
 Birth: 2022-11-12 08:20:43.074864922 +0000
