  File: libxul.so
  Size: 1973187936	Blocks: 3853888    IO Block: 4096   regular file
Device: 0,38	Inode: 7592841     Links: 1
Access: (0755/-rwxr-xr-x)  Uid: ( 1000/    chet)   Gid: ( 1000/    chet)
Access: 2022-11-12 08:22:49.829406821 +0000
Modify: 2022-11-12 08:22:50.706410570 +0000
Change: 2022-11-12 08:22:52.136416684 +0000
 Birth: 2022-11-12 08:22:49.829406821 +0000
