  File: ../../../dist/bin/libxul.so
  Size: 2677947568	Blocks: 5230368    IO Block: 4096   regular file
Device: 0,49	Inode: 17686904    Links: 1
Access: (0755/-rwxr-xr-x)  Uid: ( 1000/    chet)   Gid: ( 1000/    chet)
Access: 2025-01-24 14:28:20.942832818 +0000
Modify: 2025-01-24 14:28:22.194840188 +0000
Change: 2025-01-24 14:28:22.194840188 +0000
 Birth: 2025-01-24 14:27:55.627683797 +0000
