  File: libxul.so
  Size: 1945336016	Blocks: 3799488    IO Block: 4096   regular file
Device: 253,2	Inode: 16567778    Links: 1
Access: (0755/-rwxr-xr-x)  Uid: ( 1000/    chet)   Gid: ( 1000/    chet)
Access: 2022-11-01 11:10:19.227227662 +0000
Modify: 2022-11-01 11:10:22.889230284 +0000
Change: 2022-11-01 11:10:22.889230284 +0000
 Birth: 2022-11-01 11:09:51.424207754 +0000
