  File: libxul.so
  Size: 2346994912	Blocks: 4583976    IO Block: 4096   regular file
Device: 0,38	Inode: 7172524     Links: 1
Access: (0755/-rwxr-xr-x)  Uid: ( 1000/    chet)   Gid: ( 1000/    chet)
Access: 2024-03-10 15:08:44.446327781 +0000
Modify: 2024-03-10 15:08:47.622344224 +0000
Change: 2024-03-10 15:08:47.622344224 +0000
 Birth: 2024-03-10 15:08:17.666342989 +0000
