  File: ../../../dist/bin/libxul.so
  Size: 2458899488	Blocks: 4802544    IO Block: 4096   regular file
Device: 0,41	Inode: 12773521    Links: 1
Access: (0755/-rwxr-xr-x)  Uid: ( 1000/    chet)   Gid: ( 1000/    chet)
Access: 2024-07-09 15:34:10.913174575 +0000
Modify: 2024-07-09 15:34:17.446226611 +0000
Change: 2024-07-09 15:34:17.446226611 +0000
 Birth: 2024-07-09 15:34:10.913174575 +0000
