  File: libxul.so
  Size: 2374122272	Blocks: 4636960    IO Block: 4096   regular file
Device: 0,38	Inode: 7650065     Links: 1
Access: (0755/-rwxr-xr-x)  Uid: ( 1000/    chet)   Gid: ( 1000/    chet)
Access: 2024-03-28 11:28:50.622162670 +0000
Modify: 2024-03-28 11:28:56.198154218 +0000
Change: 2024-03-28 11:28:56.198154218 +0000
 Birth: 2024-03-28 11:28:50.622162670 +0000
