  File: ../../../dist/bin/libxul.so
  Size: 2528954064	Blocks: 4939368    IO Block: 4096   regular file
Device: 0,41	Inode: 14199121    Links: 1
Access: (0755/-rwxr-xr-x)  Uid: ( 1000/    chet)   Gid: ( 1000/    chet)
Access: 2024-10-27 15:40:10.929078347 +0000
Modify: 2024-10-27 15:40:14.518071273 +0000
Change: 2024-10-27 15:40:14.518071273 +0000
 Birth: 2024-10-27 15:39:47.998123540 +0000
