  File: libxul.so
  Size: 1955142672	Blocks: 3818640    IO Block: 4096   regular file
Device: 0,39	Inode: 11162574    Links: 1
Access: (0755/-rwxr-xr-x)  Uid: ( 1000/    chet)   Gid: ( 1000/    chet)
Access: 2023-01-15 14:49:17.244116300 +0000
Modify: 2023-01-15 14:49:20.834132307 +0000
Change: 2023-01-15 14:49:20.834132307 +0000
 Birth: 2023-01-15 14:48:47.291982748 +0000
