  File: libxul.so
  Size: 1953973912	Blocks: 3816360    IO Block: 4096   regular file
Device: 0,38	Inode: 7592798     Links: 1
Access: (0755/-rwxr-xr-x)  Uid: ( 1000/    chet)   Gid: ( 1000/    chet)
Access: 2022-11-12 08:18:27.665286026 +0000
Modify: 2022-11-12 08:18:33.011308881 +0000
Change: 2022-11-12 08:18:33.011308881 +0000
 Birth: 2022-11-12 08:18:27.665286026 +0000
