  File: libxul.so
  Size: 2082386904	Blocks: 4067168    IO Block: 4096   regular file
Device: 0,41	Inode: 61422486    Links: 1
Access: (0755/-rwxr-xr-x)  Uid: ( 1000/    chet)   Gid: ( 1000/    chet)
Access: 2023-09-04 10:18:53.907082714 +0000
Modify: 2023-09-04 10:18:58.185092616 +0000
Change: 2023-09-04 10:18:58.185092616 +0000
 Birth: 2023-09-04 10:18:25.239016356 +0000
