  File: ../../../dist/bin/libxul.so
  Size: 2689842208	Blocks: 5253600    IO Block: 4096   regular file
Device: 0,49	Inode: 17686928    Links: 1
Access: (0755/-rwxr-xr-x)  Uid: ( 1000/    chet)   Gid: ( 1000/    chet)
Access: 2025-01-24 14:33:37.842698283 +0000
Modify: 2025-01-24 14:33:44.841739484 +0000
Change: 2025-01-24 14:33:44.841739484 +0000
 Birth: 2025-01-24 14:33:37.842698283 +0000
