  File: libxul.so
  Size: 1982675184	Blocks: 3872416    IO Block: 4096   regular file
Device: 0,39	Inode: 12269261    Links: 1
Access: (0755/-rwxr-xr-x)  Uid: ( 1000/    chet)   Gid: ( 1000/    chet)
Access: 2023-01-31 20:42:07.579759391 +0000
Modify: 2023-01-31 20:42:11.282777358 +0000
Change: 2023-01-31 20:42:11.282777358 +0000
 Birth: 2023-01-31 20:41:38.745619486 +0000
