  File: ../../../dist/bin/libxul.so
  Size: 2560491600	Blocks: 5000968    IO Block: 4096   regular file
Device: 0,41	Inode: 14199190    Links: 1
Access: (0755/-rwxr-xr-x)  Uid: ( 1000/    chet)   Gid: ( 1000/    chet)
Access: 2024-10-27 15:49:29.652828290 +0000
Modify: 2024-10-27 15:49:30.893817987 +0000
Change: 2024-10-27 15:49:31.076816468 +0000
 Birth: 2024-10-27 15:49:29.652828290 +0000
