  File: ../../../dist/bin/libxul.so
  Size: 2755851104	Blocks: 5382528    IO Block: 4096   regular file
Device: 0,48	Inode: 18377617    Links: 1
Access: (0755/-rwxr-xr-x)  Uid: ( 1000/    chet)   Gid: ( 1000/    chet)
Access: 2025-03-23 20:11:04.568509468 +0000
Modify: 2025-03-23 20:11:05.727507881 +0000
Change: 2025-03-23 20:11:05.840507727 +0000
 Birth: 2025-03-23 20:11:04.568509468 +0000
