  File: libxul.so
  Size: 1973187664	Blocks: 3853896    IO Block: 4096   regular file
Device: 253,2	Inode: 16567778    Links: 1
Access: (0755/-rwxr-xr-x)  Uid: ( 1000/    chet)   Gid: ( 1000/    chet)
Access: 2022-11-01 11:19:27.327620109 +0000
Modify: 2022-11-01 11:19:27.926620538 +0000
Change: 2022-11-01 11:19:28.944621267 +0000
 Birth: 2022-11-01 11:19:27.327620109 +0000
