  File: libxul.so
  Size: 1955142712	Blocks: 3818640    IO Block: 4096   regular file
Device: 0,39	Inode: 10985764    Links: 1
Access: (0755/-rwxr-xr-x)  Uid: ( 1000/    chet)   Gid: ( 1000/    chet)
Access: 2023-01-10 15:59:51.547511183 +0000
Modify: 2023-01-10 15:59:55.209528836 +0000
Change: 2023-01-10 15:59:55.209528836 +0000
 Birth: 2023-01-10 15:59:22.786372538 +0000
