  File: libxul.so
  Size: 1930696968	Blocks: 3770728    IO Block: 4096   regular file
Device: 253,3	Inode: 16533700    Links: 1
Access: (0755/-rwxr-xr-x)  Uid: ( 1000/    chet)   Gid: ( 1000/    chet)
Access: 2022-10-08 21:27:52.915229431 +0000
Modify: 2022-10-08 21:27:53.802230333 +0000
Change: 2022-10-08 21:27:54.354230895 +0000
 Birth: 2022-10-08 21:27:52.915229431 +0000
