  File: libxul.so
  Size: 1983218384	Blocks: 3873480    IO Block: 4096   regular file
Device: 0,39	Inode: 11162641    Links: 1
Access: (0755/-rwxr-xr-x)  Uid: ( 1000/    chet)   Gid: ( 1000/    chet)
Access: 2023-01-15 14:58:15.167514822 +0000
Modify: 2023-01-15 14:58:16.354520114 +0000
Change: 2023-01-15 14:58:17.246524091 +0000
 Birth: 2023-01-15 14:58:15.167514822 +0000
