  File: libxul.so
  Size: 1948586321	Blocks: 3805848    IO Block: 4096   regular file
Device: 253,3	Inode: 16521799    Links: 1
Access: (0755/-rwxr-xr-x)  Uid: ( 1000/    chet)   Gid: ( 1000/    chet)
Access: 2022-10-08 21:29:51.286349806 +0000
Modify: 2022-10-08 21:29:51.893350423 +0000
Change: 2022-10-08 21:29:52.809351355 +0000
 Birth: 2022-10-08 21:29:51.286349806 +0000
