  File: libxul.so
  Size: 2364877232	Blocks: 4618904    IO Block: 4096   regular file
Device: 0,38	Inode: 7650034     Links: 1
Access: (0755/-rwxr-xr-x)  Uid: ( 1000/    chet)   Gid: ( 1000/    chet)
Access: 2024-03-28 11:23:56.660217395 +0000
Modify: 2024-03-28 11:23:59.973211957 +0000
Change: 2024-03-28 11:23:59.973211957 +0000
 Birth: 2024-03-28 11:23:30.435260445 +0000
