  File: libxul.so
  Size: 1953649568	Blocks: 3815544    IO Block: 4096   regular file
Device: 253,2	Inode: 16567835    Links: 1
Access: (0755/-rwxr-xr-x)  Uid: ( 1000/    chet)   Gid: ( 1000/    chet)
Access: 2022-11-01 11:17:26.546533625 +0000
Modify: 2022-11-01 11:17:27.544534340 +0000
Change: 2022-11-01 11:17:28.097534736 +0000
 Birth: 2022-11-01 11:17:26.546533625 +0000
