  File: libxul.so
  Size: 1983218424	Blocks: 3873480    IO Block: 4096   regular file
Device: 0,39	Inode: 10985835    Links: 1
Access: (0755/-rwxr-xr-x)  Uid: ( 1000/    chet)   Gid: ( 1000/    chet)
Access: 2023-01-10 16:08:49.986106761 +0000
Modify: 2023-01-10 16:08:51.037111828 +0000
Change: 2023-01-10 16:08:51.692114985 +0000
 Birth: 2023-01-10 16:08:49.986106761 +0000
