  File: libxul.so
  Size: 2355626840	Blocks: 4600736    IO Block: 4096   regular file
Device: 0,38	Inode: 7172658     Links: 1
Access: (0755/-rwxr-xr-x)  Uid: ( 1000/    chet)   Gid: ( 1000/    chet)
Access: 2024-03-10 15:15:58.765092218 +0000
Modify: 2024-03-10 15:16:00.033085601 +0000
Change: 2024-03-10 15:16:00.185084808 +0000
 Birth: 2024-03-10 15:15:58.765092218 +0000
