  File: libxul.so
  Size: 2091205184	Blocks: 4084392    IO Block: 4096   regular file
Device: 0,41	Inode: 61422508    Links: 1
Access: (0755/-rwxr-xr-x)  Uid: ( 1000/    chet)   Gid: ( 1000/    chet)
Access: 2023-09-04 10:23:57.340785070 +0000
Modify: 2023-09-04 10:24:03.437799182 +0000
Change: 2023-09-04 10:24:03.437799182 +0000
 Birth: 2023-09-04 10:23:57.340785070 +0000
