  File: libxul.so
  Size: 2468779672	Blocks: 4821840    IO Block: 4096   regular file
Device: 0,40	Inode: 11692412    Links: 1
Access: (0755/-rwxr-xr-x)  Uid: ( 1000/    chet)   Gid: ( 1000/    chet)
Access: 2024-05-27 07:33:14.776789518 +0000
Modify: 2024-05-27 07:33:16.043787432 +0000
Change: 2024-05-27 07:33:16.046787427 +0000
 Birth: 2024-05-27 07:33:14.776789518 +0000
