  File: ../../../dist/bin/libxul.so
  Size: 2732534720	Blocks: 5336800    IO Block: 4096   regular file
Device: 0,48	Inode: 18377601    Links: 1
Access: (0755/-rwxr-xr-x)  Uid: ( 1000/    chet)   Gid: ( 1000/    chet)
Access: 2025-03-23 20:09:14.505660129 +0000
Modify: 2025-03-23 20:09:16.080657973 +0000
Change: 2025-03-23 20:09:16.157657867 +0000
 Birth: 2025-03-23 20:09:14.505660129 +0000
