  File: ../../../dist/bin/libxul.so
  Size: 2733297968	Blocks: 5338480    IO Block: 4096   regular file
Device: 0,48	Inode: 18377572    Links: 1
Access: (0755/-rwxr-xr-x)  Uid: ( 1000/    chet)   Gid: ( 1000/    chet)
Access: 2025-03-23 20:06:57.768419364 +0000
Modify: 2025-03-23 20:07:04.709837786 +0000
Change: 2025-03-23 20:07:04.709837786 +0000
 Birth: 2025-03-23 20:06:57.767847287 +0000
