  File: libxul.so
  Size: 2438406536	Blocks: 4762520    IO Block: 4096   regular file
Device: 0,40	Inode: 11692345    Links: 1
Access: (0755/-rwxr-xr-x)  Uid: ( 1000/    chet)   Gid: ( 1000/    chet)
Access: 2024-05-27 07:24:12.154682892 +0000
Modify: 2024-05-27 07:24:15.566677274 +0000
Change: 2024-05-27 07:24:15.566677274 +0000
 Birth: 2024-05-27 07:23:50.757718119 +0000
