  File: libxul.so
  Size: 1953973744	Blocks: 3816368    IO Block: 4096   regular file
Device: 253,2	Inode: 16567778    Links: 1
Access: (0755/-rwxr-xr-x)  Uid: ( 1000/    chet)   Gid: ( 1000/    chet)
Access: 2022-11-01 11:15:12.936437957 +0000
Modify: 2022-11-01 11:15:18.885442217 +0000
Change: 2022-11-01 11:15:18.885442217 +0000
 Birth: 2022-11-01 11:15:12.931437953 +0000
