  File: libxul.so
  Size: 1922464616	Blocks: 3754824    IO Block: 4096   regular file
Device: 253,3	Inode: 16521799    Links: 1
Access: (0755/-rwxr-xr-x)  Uid: ( 1000/    chet)   Gid: ( 1000/    chet)
Access: 2022-10-08 21:20:51.448800813 +0000
Modify: 2022-10-08 21:20:55.049804475 +0000
Change: 2022-10-08 21:20:55.049804475 +0000
 Birth: 2022-10-08 21:20:24.618773529 +0000
