  File: libxul.so
  Size: 1991142704	Blocks: 3888760    IO Block: 4096   regular file
Device: 0,39	Inode: 12269318    Links: 1
Access: (0755/-rwxr-xr-x)  Uid: ( 1000/    chet)   Gid: ( 1000/    chet)
Access: 2023-01-31 20:49:01.650768482 +0000
Modify: 2023-01-31 20:49:02.892774509 +0000
Change: 2023-01-31 20:49:03.012775091 +0000
 Birth: 2023-01-31 20:49:01.650768482 +0000
