  File: libxul.so
  Size: 1963461736	Blocks: 3834704    IO Block: 4096   regular file
Device: 0,39	Inode: 11162625    Links: 1
Access: (0755/-rwxr-xr-x)  Uid: ( 1000/    chet)   Gid: ( 1000/    chet)
Access: 2023-01-15 14:56:15.919983114 +0000
Modify: 2023-01-15 14:56:17.093988349 +0000
Change: 2023-01-15 14:56:17.227988946 +0000
 Birth: 2023-01-15 14:56:15.919983114 +0000
