  File: libxul.so
  Size: 1991261536	Blocks: 3889184    IO Block: 4096   regular file
Device: 0,39	Inode: 12269289    Links: 1
Access: (0755/-rwxr-xr-x)  Uid: ( 1000/    chet)   Gid: ( 1000/    chet)
Access: 2023-01-31 20:46:51.719138049 +0000
Modify: 2023-01-31 20:46:57.209164687 +0000
Change: 2023-01-31 20:46:57.209164687 +0000
 Birth: 2023-01-31 20:46:51.719138049 +0000
