  File: ../../../dist/bin/libxul.so
  Size: 2539271368	Blocks: 4959520    IO Block: 4096   regular file
Device: 0,41	Inode: 14199147    Links: 1
Access: (0755/-rwxr-xr-x)  Uid: ( 1000/    chet)   Gid: ( 1000/    chet)
Access: 2024-10-27 15:45:24.262424458 +0000
Modify: 2024-10-27 15:45:31.212411155 +0000
Change: 2024-10-27 15:45:31.212411155 +0000
 Birth: 2024-10-27 15:45:24.262424458 +0000
