  File: qtbase/lib/libQt6WebEngineCore.so.6.7.1
  Size: 2925802624	Blocks: 5714464    IO Block: 4096   regular file
Device: 0,40	Inode: 11692589    Links: 1
Access: (0755/-rwxr-xr-x)  Uid: ( 1000/    chet)   Gid: ( 1000/    chet)
Access: 2024-05-27 08:15:50.340582005 +0000
Modify: 2024-05-27 08:15:52.505578441 +0000
Change: 2024-05-27 08:15:52.626578242 +0000
 Birth: 2024-05-27 08:15:50.340582005 +0000
