  File: qtbase/lib/libQt6WebEngineCore.so.6.5.0
  Size: 2829778872	Blocks: 5526912    IO Block: 4096   regular file
Device: 0,41	Inode: 44206311    Links: 1
Access: (0755/-rwxr-xr-x)  Uid: ( 1000/    chet)   Gid: ( 1000/    chet)
Access: 2023-04-23 16:25:57.633633419 +0000
Modify: 2023-04-23 16:25:59.720640504 +0000
Change: 2023-04-23 16:25:59.789640739 +0000
 Birth: 2023-04-23 16:25:57.633633419 +0000
