  File: qtbase/lib/libQt6WebEngineCore.so.6.8.2
  Size: 3063946552	Blocks: 5984272    IO Block: 4096   regular file
Device: 0,48	Inode: 18377743    Links: 1
Access: (0755/-rwxr-xr-x)  Uid: ( 1000/    chet)   Gid: ( 1000/    chet)
Access: 2025-03-23 20:46:03.582626297 +0000
Modify: 2025-03-23 20:46:19.737990748 +0000
Change: 2025-03-23 20:46:19.737990748 +0000
 Birth: 2025-03-23 20:46:03.581009286 +0000
