  File: qtbase/lib/libQt6WebEngineCore.so.6.4.2
  Size: 2846855728	Blocks: 5560272    IO Block: 4096   regular file
Device: 0,39	Inode: 11170128    Links: 1
Access: (0755/-rwxr-xr-x)  Uid: ( 1000/    chet)   Gid: ( 1000/    chet)
Access: 2023-01-15 16:17:37.869750982 +0000
Modify: 2023-01-15 16:17:42.889773366 +0000
Change: 2023-01-15 16:17:42.889773366 +0000
 Birth: 2023-01-15 16:15:39.353222536 +0000
