  File: qtbase/lib/libQt6WebEngineCore.so.6.4.0
  Size: 2946761016	Blocks: 5755584    IO Block: 4096   regular file
Device: 253,3	Inode: 13904193    Links: 1
Access: (0755/-rwxr-xr-x)  Uid: ( 1000/    chet)   Gid: ( 1000/    chet)
Access: 2022-10-08 22:10:01.001800345 +0000
Modify: 2022-10-08 22:10:16.677816287 +0000
Change: 2022-10-08 22:10:16.677816287 +0000
 Birth: 2022-10-08 22:10:00.990800334 +0000
