  File: qtbase/lib/libQt6WebEngineCore.so.6.6.2
  Size: 2784250576	Blocks: 5437992    IO Block: 4096   regular file
Device: 0,38	Inode: 7154958     Links: 1
Access: (0755/-rwxr-xr-x)  Uid: ( 1000/    chet)   Gid: ( 1000/    chet)
Access: 2024-03-10 14:33:19.718800289 +0000
Modify: 2024-03-10 14:33:21.890793375 +0000
Change: 2024-03-10 14:33:22.007793002 +0000
 Birth: 2024-03-10 14:33:19.718800289 +0000
