  File: qtbase/lib/libQt6WebEngineCore.so.6.4.0
  Size: 2946760968	Blocks: 5755600    IO Block: 4096   regular file
Device: 253,2	Inode: 13776797    Links: 1
Access: (0755/-rwxr-xr-x)  Uid: ( 1000/    chet)   Gid: ( 1000/    chet)
Access: 2022-11-01 12:13:44.780209129 +0000
Modify: 2022-11-01 12:14:00.471223076 +0000
Change: 2022-11-01 12:14:00.471223076 +0000
 Birth: 2022-11-01 12:13:44.770209120 +0000
