  File: qtbase/lib/libQt6WebEngineCore.so.6.7.1
  Size: 2957136640	Blocks: 5775664    IO Block: 4096   regular file
Device: 0,40	Inode: 11692618    Links: 1
Access: (0755/-rwxr-xr-x)  Uid: ( 1000/    chet)   Gid: ( 1000/    chet)
Access: 2024-05-27 08:18:08.340354811 +0000
Modify: 2024-05-27 08:18:10.043352007 +0000
Change: 2024-05-27 08:18:10.183351777 +0000
 Birth: 2024-05-27 08:18:08.339354813 +0000
