  File: qtbase/lib/libQt6WebEngineCore.so.6.8.2
  Size: 3096554128	Blocks: 6047960    IO Block: 4096   regular file
Device: 0,48	Inode: 18377828    Links: 1
Access: (0755/-rwxr-xr-x)  Uid: ( 1000/    chet)   Gid: ( 1000/    chet)
Access: 2025-03-23 20:59:01.327700283 +0000
Modify: 2025-03-23 20:59:03.064699681 +0000
Change: 2025-03-23 20:59:03.199699634 +0000
 Birth: 2025-03-23 20:59:01.327700283 +0000
