  File: qtbase/lib/libQt6WebEngineCore.so.6.5.2
  Size: 2803937560	Blocks: 5476448    IO Block: 4096   regular file
Device: 0,41	Inode: 61422658    Links: 1
Access: (0755/-rwxr-xr-x)  Uid: ( 1000/    chet)   Gid: ( 1000/    chet)
Access: 2023-09-04 11:07:38.162957180 +0000
Modify: 2023-09-04 11:07:43.892971204 +0000
Change: 2023-09-04 11:07:43.892971204 +0000
 Birth: 2023-09-04 11:04:29.982496676 +0000
