  File: qtbase/lib/libQt6WebEngineCore.so.6.5.2
  Size: 2809424088	Blocks: 5487160    IO Block: 4096   regular file
Device: 0,41	Inode: 61422771    Links: 1
Access: (0755/-rwxr-xr-x)  Uid: ( 1000/    chet)   Gid: ( 1000/    chet)
Access: 2023-09-04 11:29:16.140133786 +0000
Modify: 2023-09-04 11:29:18.051138463 +0000
Change: 2023-09-04 11:29:18.113138614 +0000
 Birth: 2023-09-04 11:29:16.140133786 +0000
