  File: qtbase/lib/libQt6WebEngineCore.so.6.7.2
  Size: 2957204224	Blocks: 5775792    IO Block: 4096   regular file
Device: 0,41	Inode: 12773768    Links: 1
Access: (0755/-rwxr-xr-x)  Uid: ( 1000/    chet)   Gid: ( 1000/    chet)
Access: 2024-07-09 16:25:28.819892185 +0000
Modify: 2024-07-09 16:25:30.584902138 +0000
Change: 2024-07-09 16:25:30.733902978 +0000
 Birth: 2024-07-09 16:25:28.819892185 +0000
