  File: qtbase/lib/libQt6WebEngineCore.so.6.4.0
  Size: 2970692144	Blocks: 5802144    IO Block: 4096   regular file
Device: 253,2	Inode: 13776797    Links: 1
Access: (0755/-rwxr-xr-x)  Uid: ( 1000/    chet)   Gid: ( 1000/    chet)
Access: 2022-11-01 12:23:39.679737897 +0000
Modify: 2022-11-01 12:23:40.965739040 +0000
Change: 2022-11-01 12:23:42.594740488 +0000
 Birth: 2022-11-01 12:23:39.679737897 +0000
