  File: qtbase/lib/libQt6WebEngineCore.so.6.6.3
  Size: 2784486792	Blocks: 5438456    IO Block: 4096   regular file
Device: 0,38	Inode: 7650273     Links: 1
Access: (0755/-rwxr-xr-x)  Uid: ( 1000/    chet)   Gid: ( 1000/    chet)
Access: 2024-03-28 12:04:53.253347265 +0000
Modify: 2024-03-28 12:05:08.570337488 +0000
Change: 2024-03-28 12:05:08.570337488 +0000
 Birth: 2024-03-28 12:04:53.253347265 +0000
