  File: qtbase/lib/libQt6WebEngineCore.so.6.6.3
  Size: 2784259792	Blocks: 5438000    IO Block: 4096   regular file
Device: 0,38	Inode: 7650334     Links: 1
Access: (0755/-rwxr-xr-x)  Uid: ( 1000/    chet)   Gid: ( 1000/    chet)
Access: 2024-03-28 12:13:16.557991235 +0000
Modify: 2024-03-28 12:13:18.462989718 +0000
Change: 2024-03-28 12:13:18.587989619 +0000
 Birth: 2024-03-28 12:13:16.557991235 +0000
