  File: qtbase/lib/libQt6WebEngineCore.so.6.8.1
  Size: 3063847216	Blocks: 5984080    IO Block: 4096   regular file
Device: 0,49	Inode: 17687097    Links: 1
Access: (0755/-rwxr-xr-x)  Uid: ( 1000/    chet)   Gid: ( 1000/    chet)
Access: 2025-01-24 15:12:54.714572267 +0000
Modify: 2025-01-24 15:13:11.064668514 +0000
Change: 2025-01-24 15:13:11.064668514 +0000
 Birth: 2025-01-24 15:12:54.714572267 +0000
