  File: qtbase/lib/libQt6WebEngineCore.so.6.5.2
  Size: 2835913296	Blocks: 5538896    IO Block: 4096   regular file
Device: 0,41	Inode: 61422798    Links: 1
Access: (0755/-rwxr-xr-x)  Uid: ( 1000/    chet)   Gid: ( 1000/    chet)
Access: 2023-09-04 11:31:54.517521388 +0000
Modify: 2023-09-04 11:31:56.150525385 +0000
Change: 2023-09-04 11:31:57.299528197 +0000
 Birth: 2023-09-04 11:31:54.517521388 +0000
