  File: qtbase/lib/libQt6WebEngineCore.so.6.4.0
  Size: 2947260896	Blocks: 5756384    IO Block: 4096   regular file
Device: 253,2	Inode: 13778691    Links: 1
Access: (0755/-rwxr-xr-x)  Uid: ( 1000/    chet)   Gid: ( 1000/    chet)
Access: 2022-11-01 12:20:51.274588216 +0000
Modify: 2022-11-01 12:20:53.248589970 +0000
Change: 2022-11-01 12:20:53.357590067 +0000
 Birth: 2022-11-01 12:20:51.273588215 +0000
