  File: qtbase/lib/libQt6WebEngineCore.so.6.5.0
  Size: 2830028160	Blocks: 5527400    IO Block: 4096   regular file
Device: 0,41	Inode: 44206036    Links: 1
Access: (0755/-rwxr-xr-x)  Uid: ( 1000/    chet)   Gid: ( 1000/    chet)
Access: 2023-04-22 20:48:29.127616629 +0000
Modify: 2023-04-22 20:48:44.897670157 +0000
Change: 2023-04-22 20:48:44.897670157 +0000
 Birth: 2023-04-22 20:48:29.127616629 +0000
