  File: qtbase/lib/libQt6WebEngineCore.so.6.4.0
  Size: 2941369912	Blocks: 5745024    IO Block: 4096   regular file
Device: 253,3	Inode: 13904193    Links: 1
Access: (0755/-rwxr-xr-x)  Uid: ( 1000/    chet)   Gid: ( 1000/    chet)
Access: 2022-10-08 21:58:23.081090606 +0000
Modify: 2022-10-08 21:58:28.933096557 +0000
Change: 2022-10-08 21:58:28.933096557 +0000
 Birth: 2022-10-08 21:56:26.303971851 +0000
