  File: qtbase/lib/libQt6WebEngineCore.so.6.6.3
  Size: 2780941360	Blocks: 5431528    IO Block: 4096   regular file
Device: 0,38	Inode: 7650211     Links: 1
Access: (0755/-rwxr-xr-x)  Uid: ( 1000/    chet)   Gid: ( 1000/    chet)
Access: 2024-03-28 11:54:02.674726151 +0000
Modify: 2024-03-28 11:54:06.113723882 +0000
Change: 2024-03-28 11:54:06.113723882 +0000
 Birth: 2024-03-28 11:52:35.429786230 +0000
