  File: qtbase/lib/libQt6WebEngineCore.so.6.4.2
  Size: 2852201904	Blocks: 5570712    IO Block: 4096   regular file
Device: 0,39	Inode: 11170177    Links: 1
Access: (0755/-rwxr-xr-x)  Uid: ( 1000/    chet)   Gid: ( 1000/    chet)
Access: 2023-01-15 16:28:44.149721821 +0000
Modify: 2023-01-15 16:28:59.551790497 +0000
Change: 2023-01-15 16:28:59.551790497 +0000
 Birth: 2023-01-15 16:28:44.149721821 +0000
