  File: qtbase/lib/libQt6WebEngineCore.so.6.7.1
  Size: 2925942288	Blocks: 5714736    IO Block: 4096   regular file
Device: 0,40	Inode: 11692535    Links: 1
Access: (0755/-rwxr-xr-x)  Uid: ( 1000/    chet)   Gid: ( 1000/    chet)
Access: 2024-05-27 08:06:30.072504437 +0000
Modify: 2024-05-27 08:06:46.421477520 +0000
Change: 2024-05-27 08:06:46.421477520 +0000
 Birth: 2024-05-27 08:06:30.072504437 +0000
