  File: qtbase/lib/libQt6WebEngineCore.so.6.6.2
  Size: 2780936240	Blocks: 5431520    IO Block: 4096   regular file
Device: 0,38	Inode: 7154853     Links: 1
Access: (0755/-rwxr-xr-x)  Uid: ( 1000/    chet)   Gid: ( 1000/    chet)
Access: 2024-03-10 14:13:42.284960253 +0000
Modify: 2024-03-10 14:13:45.854944917 +0000
Change: 2024-03-10 14:13:45.854944917 +0000
 Birth: 2024-03-10 14:12:06.156343237 +0000
