  File: qtbase/lib/libQt6WebEngineCore.so.6.8.0
  Size: 3067396672	Blocks: 5991016    IO Block: 4096   regular file
Device: 0,41	Inode: 14199264    Links: 1
Access: (0755/-rwxr-xr-x)  Uid: ( 1000/    chet)   Gid: ( 1000/    chet)
Access: 2024-10-27 16:14:44.605726321 +0000
Modify: 2024-10-27 16:14:48.560723042 +0000
Change: 2024-10-27 16:14:48.560723042 +0000
 Birth: 2024-10-27 16:12:59.929868594 +0000
