  File: qtbase/lib/libQt6WebEngineCore.so.6.4.2
  Size: 2876025984	Blocks: 5617240    IO Block: 4096   regular file
Device: 0,39	Inode: 10986046    Links: 1
Access: (0755/-rwxr-xr-x)  Uid: ( 1000/    chet)   Gid: ( 1000/    chet)
Access: 2023-01-10 16:57:54.210299589 +0000
Modify: 2023-01-10 16:57:55.922307842 +0000
Change: 2023-01-10 16:57:57.133313680 +0000
 Birth: 2023-01-10 16:57:54.210299589 +0000
