  File: qtbase/lib/libQt6WebEngineCore.so.6.4.2
  Size: 2844583744	Blocks: 5555832    IO Block: 4096   regular file
Device: 0,39	Inode: 13384190    Links: 1
Access: (0755/-rwxr-xr-x)  Uid: ( 1000/    chet)   Gid: ( 1000/    chet)
Access: 2023-02-02 21:41:19.860041521 +0000
Modify: 2023-02-02 21:41:24.531063869 +0000
Change: 2023-02-02 21:41:24.531063869 +0000
 Birth: 2023-02-02 21:39:17.028453838 +0000
