  File: qtbase/lib/libQt6WebEngineCore.so.6.6.2
  Size: 2784481672	Blocks: 5438448    IO Block: 4096   regular file
Device: 0,38	Inode: 7154902     Links: 1
Access: (0755/-rwxr-xr-x)  Uid: ( 1000/    chet)   Gid: ( 1000/    chet)
Access: 2024-03-10 14:24:47.747116921 +0000
Modify: 2024-03-10 14:25:03.982032138 +0000
Change: 2024-03-10 14:25:03.982032138 +0000
 Birth: 2024-03-10 14:24:47.747116921 +0000
