  File: qtbase/lib/libQt6WebEngineCore.so.6.6.2
  Size: 2812799840	Blocks: 5493752    IO Block: 4096   regular file
Device: 0,38	Inode: 7154985     Links: 1
Access: (0755/-rwxr-xr-x)  Uid: ( 1000/    chet)   Gid: ( 1000/    chet)
Access: 2024-03-10 14:35:35.981232433 +0000
Modify: 2024-03-10 14:35:37.365226424 +0000
Change: 2024-03-10 14:35:37.666225117 +0000
 Birth: 2024-03-10 14:35:35.981232433 +0000
