  File: qtbase/lib/libQt6WebEngineCore.so.6.4.0
  Size: 2947260944	Blocks: 5756384    IO Block: 4096   regular file
Device: 253,3	Inode: 13904204    Links: 1
Access: (0755/-rwxr-xr-x)  Uid: ( 1000/    chet)   Gid: ( 1000/    chet)
Access: 2022-10-08 22:17:06.928233493 +0000
Modify: 2022-10-08 22:17:08.934235533 +0000
Change: 2022-10-08 22:17:09.048235649 +0000
 Birth: 2022-10-08 22:17:06.928233493 +0000
