  File: qtbase/lib/libQt6WebEngineCore.so.6.4.2
  Size: 2850432928	Blocks: 5567256    IO Block: 4096   regular file
Device: 0,39	Inode: 13384293    Links: 1
Access: (0755/-rwxr-xr-x)  Uid: ( 1000/    chet)   Gid: ( 1000/    chet)
Access: 2023-02-02 21:59:14.751184281 +0000
Modify: 2023-02-02 21:59:16.945194778 +0000
Change: 2023-02-02 21:59:17.015195112 +0000
 Birth: 2023-02-02 21:59:14.751184281 +0000
