  File: qtbase/lib/libQt6WebEngineCore.so.6.4.2
  Size: 2849929288	Blocks: 5566272    IO Block: 4096   regular file
Device: 0,39	Inode: 13384239    Links: 1
Access: (0755/-rwxr-xr-x)  Uid: ( 1000/    chet)   Gid: ( 1000/    chet)
Access: 2023-02-02 21:52:28.962242801 +0000
Modify: 2023-02-02 21:52:43.925314392 +0000
Change: 2023-02-02 21:52:43.925314392 +0000
 Birth: 2023-02-02 21:52:28.961242797 +0000
