  File: qtbase/lib/libQt6WebEngineCore.so.6.4.2
  Size: 2852201952	Blocks: 5570712    IO Block: 4096   regular file
Device: 0,39	Inode: 10985971    Links: 1
Access: (0755/-rwxr-xr-x)  Uid: ( 1000/    chet)   Gid: ( 1000/    chet)
Access: 2023-01-10 16:48:17.222518179 +0000
Modify: 2023-01-10 16:48:32.629592450 +0000
Change: 2023-01-10 16:48:32.629592450 +0000
 Birth: 2023-01-10 16:48:17.222518179 +0000
