  File: qtbase/lib/libQt6WebEngineCore.so.6.8.1
  Size: 3063791576	Blocks: 5983968    IO Block: 4096   regular file
Device: 0,49	Inode: 17687162    Links: 1
Access: (0755/-rwxr-xr-x)  Uid: ( 1000/    chet)   Gid: ( 1000/    chet)
Access: 2025-01-24 15:23:33.905334933 +0000
Modify: 2025-01-24 15:23:35.897346659 +0000
Change: 2025-01-24 15:23:36.025347412 +0000
 Birth: 2025-01-24 15:23:33.905334933 +0000
