  File: qtbase/lib/libQt6WebEngineCore.so.6.8.2
  Size: 3058419344	Blocks: 5973480    IO Block: 4096   regular file
Device: 0,48	Inode: 18377692    Links: 1
Access: (0755/-rwxr-xr-x)  Uid: ( 1000/    chet)   Gid: ( 1000/    chet)
Access: 2025-03-23 20:34:05.749028471 +0000
Modify: 2025-03-23 20:34:07.146831315 +0000
Change: 2025-03-23 20:34:07.147201787 +0000
 Birth: 2025-03-23 20:32:25.140948367 +0000
