  File: qtbase/lib/libQt6WebEngineCore.so.6.8.1
  Size: 3095978488	Blocks: 6046840    IO Block: 4096   regular file
Device: 0,49	Inode: 17687191    Links: 1
Access: (0755/-rwxr-xr-x)  Uid: ( 1000/    chet)   Gid: ( 1000/    chet)
Access: 2025-01-24 15:26:00.550198184 +0000
Modify: 2025-01-24 15:26:02.071207138 +0000
Change: 2025-01-24 15:26:02.189207832 +0000
 Birth: 2025-01-24 15:26:00.549198178 +0000
