  File: qtbase/lib/libQt6WebEngineCore.so.6.5.0
  Size: 2856374848	Blocks: 5578864    IO Block: 4096   regular file
Device: 0,41	Inode: 44206340    Links: 1
Access: (0755/-rwxr-xr-x)  Uid: ( 1000/    chet)   Gid: ( 1000/    chet)
Access: 2023-04-23 16:28:40.470186130 +0000
Modify: 2023-04-23 16:28:42.209192033 +0000
Change: 2023-04-23 16:28:43.324195817 +0000
 Birth: 2023-04-23 16:28:40.470186130 +0000
