  File: qtbase/lib/libQt6WebEngineCore.so.6.5.2
  Size: 2809687544	Blocks: 5487672    IO Block: 4096   regular file
Device: 0,41	Inode: 61422717    Links: 1
Access: (0755/-rwxr-xr-x)  Uid: ( 1000/    chet)   Gid: ( 1000/    chet)
Access: 2023-09-04 11:19:10.082650549 +0000
Modify: 2023-09-04 11:19:25.733688852 +0000
Change: 2023-09-04 11:19:25.733688852 +0000
 Birth: 2023-09-04 11:19:10.082650549 +0000
