  File: qtbase/lib/libQt6WebEngineCore.so.6.7.1
  Size: 2921603600	Blocks: 5706264    IO Block: 4096   regular file
Device: 0,40	Inode: 11692481    Links: 1
Access: (0755/-rwxr-xr-x)  Uid: ( 1000/    chet)   Gid: ( 1000/    chet)
Access: 2024-05-27 07:54:46.172663349 +0000
Modify: 2024-05-27 07:54:49.854657287 +0000
Change: 2024-05-27 07:54:49.854657287 +0000
 Birth: 2024-05-27 07:53:21.145803336 +0000
