  File: qtbase/lib/libQt6WebEngineCore.so.6.8.2
  Size: 3063890904	Blocks: 5984168    IO Block: 4096   regular file
Device: 0,48	Inode: 18377799    Links: 1
Access: (0755/-rwxr-xr-x)  Uid: ( 1000/    chet)   Gid: ( 1000/    chet)
Access: 2025-03-23 20:56:42.879748299 +0000
Modify: 2025-03-23 20:56:45.041747549 +0000
Change: 2025-03-23 20:56:45.159747509 +0000
 Birth: 2025-03-23 20:56:42.879748299 +0000
