  File: qtbase/lib/libQt6WebEngineCore.so.6.4.0
  Size: 2941369872	Blocks: 5745040    IO Block: 4096   regular file
Device: 253,2	Inode: 13776797    Links: 1
Access: (0755/-rwxr-xr-x)  Uid: ( 1000/    chet)   Gid: ( 1000/    chet)
Access: 2022-11-01 12:02:07.659589495 +0000
Modify: 2022-11-01 12:02:13.639594810 +0000
Change: 2022-11-01 12:02:13.639594810 +0000
 Birth: 2022-11-01 12:00:08.302483407 +0000
