  File: qtbase/lib/libQt6WebEngineCore.so.6.6.3
  Size: 2812809024	Blocks: 5493768    IO Block: 4096   regular file
Device: 0,38	Inode: 7650364     Links: 1
Access: (0755/-rwxr-xr-x)  Uid: ( 1000/    chet)   Gid: ( 1000/    chet)
Access: 2024-03-28 12:15:27.109891818 +0000
Modify: 2024-03-28 12:15:28.518890938 +0000
Change: 2024-03-28 12:15:28.637890864 +0000
 Birth: 2024-03-28 12:15:27.109891818 +0000
