  File: qtbase/lib/libQt6WebEngineCore.so.6.7.2
  Size: 2921677544	Blocks: 5706408    IO Block: 4096   regular file
Device: 0,41	Inode: 12773638    Links: 1
Access: (0755/-rwxr-xr-x)  Uid: ( 1000/    chet)   Gid: ( 1000/    chet)
Access: 2024-07-09 16:01:49.979703764 +0000
Modify: 2024-07-09 16:01:53.689726161 +0000
Change: 2024-07-09 16:01:53.689726161 +0000
 Birth: 2024-07-09 16:00:11.506109288 +0000
